           1           5
           1          10
           1           6
           1           2
           1           3
           1           4
           2           6
           2          15
           2          11
           2           7
           2           3
           3           7
           3          16
           3          12
           3           8
           3           4
           4          21
           4          17
           4          13
           4           9
           4           5
           4           8
           5          22
           5          18
           5          14
           5          10
           5           9
           6          23
           6          19
           6          15
           6          10
           7          24
           7          20
           7          16
           7          11
           8          25
           8          21
           8          12
           9          26
           9          22
           9          13
          10          27
          10          23
          10          14
          11          28
          11          24
          11          15
          12          29
          12          25
          12          16
          13          30
          13          26
          13          17
          14          31
          14          27
          14          18
          15          32
          15          28
          15          19
          16          33
          16          29
          16          20
          17          38
          17          34
          17          30
          17          21
          18          39
          18          35
          18          31
          18          22
          19          40
          19          36
          19          32
          19          23
          20          41
          20          37
          20          33
          20          24
          21          42
          21          38
          21          25
          22          43
          22          39
          22          26
          23          44
          23          40
          23          27
          24          45
          24          41
          24          28
          25          46
          25          42
          25          29
          26          47
          26          43
          26          30
          27          48
          27          44
          27          31
          28          49
          28          45
          28          32
          29          50
          29          46
          29          33
          30          51
          30          47
          30          34
          31          52
          31          48
          31          35
          32          53
          32          49
          32          36
          33          54
          33          50
          33          37
          34          55
          34          51
          34          38
          35          56
          35          52
          35          39
          36          57
          36          53
          36          40
          37          58
          37          54
          37          41
          38          59
          38          55
          38          42
          39          60
          39          56
          39          43
          40          61
          40          57
          40          44
          41          62
          41          58
          41          45
          42          63
          42          59
          42          46
          43          64
          43          60
          43          47
          44          65
          44          61
          44          48
          45          66
          45          62
          45          49
          46          67
          46          63
          46          50
          47          68
          47          64
          47          51
          48          69
          48          65
          48          52
          49          70
          49          66
          49          53
          50          71
          50          67
          50          54
          51          72
          51          89
          51          68
          51          55
          52          73
          52          90
          52          69
          52          56
          53          74
          53          91
          53          70
          53          57
          54          75
          54          92
          54          71
          54          58
          55          76
          55          93
          55          72
          55          59
          56          77
          56          94
          56          73
          56          60
          57          78
          57          95
          57          74
          57          61
          58          79
          58          96
          58          75
          58          62
          59          80
          59          97
          59          76
          59          63
          60          81
          60          98
          60          77
          60          64
          61          82
          61          99
          61          78
          61          65
          62          83
          62         100
          62          79
          62          66
          63          84
          63         101
          63          80
          63          67
          64          85
          64         102
          64          81
          64          68
          65          86
          65         103
          65          82
          65          69
          66          87
          66         104
          66          83
          66          70
          67          88
          67         105
          67          84
          67          71
          68          89
          68         106
          68          85
          69          90
          69         107
          69          86
          70          91
          70         108
          70          87
          71          92
          71         109
          71          88
          72          93
          72         110
          72          89
          73          94
          73         111
          73          90
          74          95
          74         112
          74          91
          75          96
          75         113
          75          92
          76          97
          76         114
          76          93
          77          98
          77         115
          77          94
          78          99
          78         116
          78          95
          79         100
          79         117
          79          96
          80         101
          80         118
          80          97
          81         102
          81         119
          81          98
          82         103
          82         120
          82          99
          83         104
          83         121
          83         100
          84         105
          84         122
          84         101
          85         106
          85         123
          85         102
          86         107
          86         124
          86         103
          87         108
          87         125
          87         104
          88         109
          88         126
          88         105
          89         110
          89         127
          89         106
          90         111
          90         128
          90         107
          91         112
          91         129
          91         146
          91         108
          92         113
          92         130
          92         147
          92         109
          93         114
          93         131
          93         148
          93         110
          94         115
          94         132
          94         149
          94         111
          95         116
          95         133
          95         150
          95         112
          96         117
          96         134
          96         151
          96         113
          97         118
          97         135
          97         152
          97         114
          98         119
          98         136
          98         153
          98         115
          99         120
          99         137
          99         154
          99         116
         100         121
         100         138
         100         155
         100         117
         101         122
         101         139
         101         156
         101         118
         102         123
         102         140
         102         157
         102         119
         103         124
         103         141
         103         158
         103         120
         104         125
         104         142
         104         159
         104         121
         105         126
         105         143
         105         160
         105         122
         106         127
         106         144
         106         161
         106         123
         107         128
         107         145
         107         162
         107         124
         108         146
         108         163
         108         125
         109         147
         109         164
         109         126
         110         148
         110         165
         110         127
         111         149
         111         166
         111         128
         112         150
         112         167
         112         129
         113         151
         113         168
         113         130
         114         152
         114         169
         114         131
         115         153
         115         170
         115         132
         116         154
         116         171
         116         133
         117         155
         117         172
         117         134
         118         156
         118         173
         118         135
         119         157
         119         174
         119         136
         120         158
         120         175
         120         137
         121         159
         121         176
         121         138
         122         160
         122         177
         122         139
         123         161
         123         178
         123         140
         124         162
         124         179
         124         141
         125         163
         125         180
         125         142
         126         164
         126         181
         126         143
         127         165
         127         182
         127         144
         128         166
         128         183
         128         145
         129         167
         129         184
         129         146
         130         168
         130         185
         130         147
         131         169
         131         186
         131         148
         132         170
         132         187
         132         149
         133         171
         133         188
         133         150
         134         172
         134         189
         134         151
         135         173
         135         190
         135         152
         136         174
         136         191
         136         153
         137         175
         137         192
         137         154
         138         176
         138         193
         138         155
         139         177
         139         194
         139         156
         140         178
         140         195
         140         157
         141         179
         141         196
         141         158
         142         180
         142         197
         142         159
         143         181
         143         198
         143         160
         144         182
         144         199
         144         161
         145         183
         145         200
         145         162
         146         184
         146         201
         146         163
         147         185
         147         202
         147         164
         148         186
         148         203
         148         165
         149         187
         149         204
         149         166
         150         188
         150         205
         150         167
         151         189
         151         206
         151         168
         152         190
         152         207
         152         169
         153         191
         153         208
         153         170
         154         192
         154         209
         154         171
         155         193
         155         210
         155         172
         156         194
         156         211
         156         173
         157         195
         157         212
         157         174
         158         196
         158         213
         158         175
         159         197
         159         214
         159         176
         160         198
         160         215
         160         177
         161         199
         161         216
         161         178
         162         200
         162         217
         162         179
         163         201
         163         218
         163         180
         164         202
         164         219
         164         181
         165         203
         165         220
         165         182
         166         204
         166         221
         166         183
         167         205
         167         222
         167         184
         168         206
         168         223
         168         185
         169         207
         169         224
         169         186
         170         208
         170         225
         170         187
         171         209
         171         226
         171         188
         172         210
         172         227
         172         189
         173         211
         173         228
         173         190
         174         212
         174         229
         174         191
         175         213
         175         230
         175         192
         176         214
         176         231
         176         193
         177         215
         177         232
         177         194
         178         216
         178         233
         178         250
         178         195
         179         217
         179         234
         179         251
         179         196
         180         218
         180         235
         180         252
         180         197
         181         219
         181         236
         181         253
         181         198
         182         220
         182         237
         182         254
         182         199
         183         221
         183         238
         183         255
         183         200
         184         222
         184         239
         184         256
         184         201
         185         223
         185         240
         185         257
         185         202
         186         224
         186         241
         186         258
         186         203
         187         225
         187         242
         187         259
         187         204
         188         226
         188         243
         188         260
         188         205
         189         227
         189         244
         189         261
         189         206
         190         228
         190         245
         190         262
         190         207
         191         229
         191         246
         191         263
         191         208
         192         230
         192         247
         192         264
         192         209
         193         231
         193         248
         193         265
         193         210
         194         232
         194         249
         194         266
         194         211
         195         250
         195         267
         195         212
         196         251
         196         268
         196         213
         197         252
         197         269
         197         214
         198         253
         198         270
         198         215
         199         254
         199         271
         199         216
         200         255
         200         272
         200         217
         201         256
         201         273
         201         218
         202         257
         202         274
         202         219
         203         258
         203         275
         203         220
         204         259
         204         276
         204         221
         205         260
         205         277
         205         222
         206         261
         206         278
         206         223
         207         262
         207         279
         207         224
         208         263
         208         280
         208         225
         209         264
         209         281
         209         226
         210         265
         210         282
         210         227
         211         266
         211         283
         211         228
         212         267
         212         284
         212         229
         213         268
         213         285
         213         230
         214         269
         214         286
         214         231
         215         270
         215         287
         215         232
         216         271
         216         288
         216         233
         217         272
         217         289
         217         234
         218         273
         218         290
         218         235
         219         274
         219         291
         219         236
         220         275
         220         292
         220         237
         221         276
         221         293
         221         238
         222         277
         222         294
         222         239
         223         278
         223         295
         223         240
         224         279
         224         296
         224         241
         225         280
         225         297
         225         242
         226         281
         226         298
         226         243
         227         282
         227         299
         227         244
         228         283
         228         300
         228         245
         229         284
         229         301
         229         246
         230         285
         230         302
         230         247
         231         286
         231         303
         231         248
         232         287
         232         304
         232         249
         233         288
         233         305
         233         250
         234         289
         234         306
         234         251
         235         290
         235         307
         235         252
         236         291
         236         308
         236         253
         237         292
         237         309
         237         254
         238         293
         238         310
         238         255
         239         294
         239         311
         239         256
         240         295
         240         312
         240         257
         241         296
         241         313
         241         258
         242         297
         242         314
         242         259
         243         298
         243         315
         243         260
         244         299
         244         316
         244         261
         245         300
         245         317
         245         262
         246         301
         246         318
         246         263
         247         302
         247         319
         247         264
         248         303
         248         320
         248         265
         249         304
         249         321
         249         266
         250         305
         250         322
         250         267
         251         306
         251         323
         251         268
         252         307
         252         324
         252         269
         253         308
         253         325
         253         270
         254         309
         254         326
         254         271
         255         310
         255         327
         255         272
         256         311
         256         328
         256         273
         257         312
         257         329
         257         274
         258         313
         258         330
         258         275
         259         314
         259         331
         259         276
         260         315
         260         332
         260         277
         261         316
         261         333
         261         278
         262         317
         262         334
         262         279
         263         318
         263         335
         263         280
         264         319
         264         336
         264         281
         265         320
         265         337
         265         282
         266         321
         266         338
         266         283
         267         322
         267         339
         267         284
         268         323
         268         340
         268         285
         269         324
         269         341
         269         286
         270         325
         270         342
         270         287
         271         326
         271         343
         271         288
         272         327
         272         344
         272         289
         273         328
         273         345
         273         290
         274         329
         274         346
         274         291
         275         330
         275         347
         275         292
         276         331
         276         348
         276         293
         277         332
         277         349
         277         294
         278         333
         278         350
         278         295
         279         334
         279         351
         279         296
         280         335
         280         352
         280         297
         281         336
         281         353
         281         298
         282         337
         282         354
         282         299
         283         338
         283         355
         283         300
         284         339
         284         356
         284         301
         285         340
         285         357
         285         302
         286         341
         286         358
         286         303
         287         342
         287         359
         287         304
         288         343
         288         360
         288         305
         289         344
         289         361
         289         306
         290         345
         290         362
         290         307
         291         346
         291         363
         291         308
         292         347
         292         364
         292         309
         293         348
         293         365
         293         310
         294         349
         294         366
         294         311
         295         350
         295         367
         295         312
         296         351
         296         368
         296         313
         297         352
         297         369
         297         314
         298         353
         298         370
         298         315
         299         354
         299         371
         299         316
         300         355
         300         372
         300         317
         301         356
         301         373
         301         318
         302         357
         302         374
         302         319
         303         358
         303         375
         303         320
         304         359
         304         376
         304         321
         305         360
         305         377
         305         322
         306         361
         306         378
         306         323
         307         362
         307         379
         307         324
         308         363
         308         380
         308         325
         309         364
         309         381
         309         326
         310         365
         310         382
         310         327
         311         366
         311         383
         311         328
         312         367
         312         384
         312         329
         313         368
         313         385
         313         330
         314         369
         314         386
         314         331
         315         370
         315         387
         315         332
         316         371
         316         388
         316         333
         317         372
         317         389
         317         334
         318         373
         318         390
         318         335
         319         374
         319         391
         319         336
         320         375
         320         392
         320         337
         321         376
         321         393
         321         338
         322         377
         322         394
         322         339
         323         378
         323         395
         323         340
         324         379
         324         396
         324         341
         325         380
         325         397
         325         342
         326         381
         326         398
         326         343
         327         382
         327         399
         327         344
         328         383
         328         400
         328         345
         329         384
         329         401
         329         346
         330         385
         330         402
         330         347
         331         386
         331         403
         331         348
         332         387
         332         404
         332         349
         333         388
         333         405
         333         350
         334         389
         334         406
         334         351
         335         390
         335         407
         335         352
         336         391
         336         408
         336         353
         337         392
         337         409
         337         354
         338         393
         338         410
         338         355
         339         394
         339         411
         339         356
         340         395
         340         412
         340         357
         341         396
         341         413
         341         358
         342         397
         342         414
         342         359
         343         398
         343         415
         343         360
         344         399
         344         416
         344         361
         345         400
         345         417
         345         362
         346         401
         346         418
         346         363
         347         402
         347         419
         347         364
         348         403
         348         420
         348         365
         349         404
         349         421
         349         366
         350         405
         350         422
         350         367
         351         406
         351         423
         351         368
         352         407
         352         424
         352         369
         353         408
         353         425
         353         370
         354         409
         354         426
         354         371
         355         410
         355         427
         355         372
         356         411
         356         428
         356         373
         357         412
         357         429
         357         374
         358         413
         358         430
         358         375
         359         414
         359         431
         359         376
         360         415
         360         432
         360         377
         361         416
         361         433
         361         378
         362         417
         362         434
         362         379
         363         418
         363         435
         363         380
         364         419
         364         436
         364         381
         365         420
         365         437
         365         382
         366         421
         366         438
         366         383
         367         422
         367         439
         367         384
         368         423
         368         440
         368         385
         369         424
         369         441
         369         386
         370         425
         370         442
         370         387
         371         426
         371         443
         371         388
         372         427
         372         444
         372         389
         373         428
         373         445
         373         390
         374         429
         374         446
         374         391
         375         430
         375         447
         375         392
         376         431
         376         448
         376         393
         377         432
         377         449
         377         394
         378         433
         378         450
         378         395
         379         434
         379         451
         379         396
         380         435
         380         452
         380         397
         381         436
         381         453
         381         398
         382         437
         382         454
         382         399
         383         438
         383         455
         383         400
         384         439
         384         456
         384         401
         385         440
         385         457
         385         402
         386         441
         386         458
         386         403
         387         442
         387         459
         387         404
         388         443
         388         460
         388         405
         389         444
         389         461
         389         406
         390         445
         390         462
         390         407
         391         446
         391         463
         391         408
         392         447
         392         464
         392         409
         393         448
         393         465
         393         410
         394         449
         394         466
         394         411
         395         450
         395         467
         395         412
         396         451
         396         468
         396         413
         397         452
         397         469
         397         414
         398         453
         398         470
         398         415
         399         454
         399         471
         399         416
         400         455
         400         472
         400         417
         401         456
         401         473
         401         418
         402         457
         402         474
         402         419
         403         458
         403         475
         403         420
         404         459
         404         476
         404         421
         405         460
         405         477
         405         422
         406         461
         406         478
         406         423
         407         462
         407         479
         407         424
         408         463
         408         480
         408         425
         409         464
         409         481
         409         426
         410         465
         410         482
         410         427
         411         466
         411         483
         411         428
         412         467
         412         484
         412         429
         413         468
         413         485
         413         430
         414         469
         414         486
         414         431
         415         470
         415         487
         415         432
         416         471
         416         488
         416         433
         417         472
         417         489
         417         434
         418         473
         418         490
         418         435
         419         474
         419         491
         419         436
         420         475
         420         492
         420         437
         421         476
         421         493
         421         438
         422         477
         422         494
         422         439
         423         478
         423         495
         423         440
         424         479
         424         496
         424         441
         425         480
         425         497
         425         442
         426         481
         426         498
         426         443
         427         482
         427         499
         427         444
         428         483
         428         500
         428         445
         429         484
         429         501
         429         446
         430         485
         430         502
         430         447
         431         486
         431         503
         431         448
         432         487
         432         504
         432         449
         433         488
         433         505
         433         450
         434         489
         434         506
         434         451
         435         490
         435         507
         435         452
         436         491
         436         508
         436         453
         437         492
         437         509
         437         454
         438         493
         438         510
         438         455
         439         494
         439         511
         439         456
         440         495
         440         512
         440         457
         441         496
         441         513
         441         458
         442         497
         442         514
         442         459
         443         498
         443         515
         443         460
         444         499
         444         516
         444         461
         445         500
         445         517
         445         462
         446         501
         446         518
         446         463
         447         502
         447         519
         447         464
         448         503
         448         520
         448         465
         449         504
         449         521
         449         466
         450         505
         450         522
         450         467
         451         506
         451         523
         451         468
         452         507
         452         524
         452         469
         453         508
         453         525
         453         470
         454         509
         454         526
         454         471
         455         510
         455         527
         455         472
         456         511
         456         528
         456         473
         457         512
         457         529
         457         474
         458         513
         458         530
         458         475
         459         514
         459         531
         459         476
         460         515
         460         532
         460         477
         461         516
         461         533
         461         478
         462         517
         462         534
         462         479
         463         518
         463         535
         463         480
         464         519
         464         536
         464         481
         465         520
         465         537
         465         482
         466         521
         466         538
         466         483
         467         522
         467         539
         467         484
         468         523
         468         540
         468         485
         469         524
         469         541
         469         486
         470         525
         470         542
         470         487
         471         526
         471         543
         471         488
         472         527
         472         544
         472         489
         473         528
         473         545
         473         490
         474         529
         474         546
         474         491
         475         530
         475         547
         475         492
         476         531
         476         548
         476         493
         477         532
         477         549
         477         494
         478         533
         478         550
         478         495
         479         534
         479         551
         479         496
         480         535
         480         552
         480         497
         481         536
         481         553
         481         498
         482         537
         482         554
         482         499
         483         538
         483         555
         483         500
         484         539
         484         556
         484         501
         485         540
         485         557
         485         502
         486         541
         486         558
         486         503
         487         542
         487         559
         487         504
         488         543
         488         560
         488         505
         489         544
         489         561
         489         506
         490         545
         490         562
         490         507
         491         546
         491         563
         491         508
         492         547
         492         564
         492         509
         493         548
         493         565
         493         510
         494         549
         494         566
         494         511
         495         550
         495         567
         495         512
         496         551
         496         568
         496         513
         497         552
         497         569
         497         514
         498         553
         498         570
         498         515
         499         554
         499         571
         499         516
         500         555
         500         572
         500         517
         501         556
         501         573
         501         518
         502         557
         502         574
         502         519
         503         558
         503         575
         503         520
         504         559
         504         576
         504         521
         505         560
         505         577
         505         522
         506         561
         506         578
         506         523
         507         562
         507         579
         507         524
         508         563
         508         580
         508         525
         509         564
         509         581
         509         526
         510         565
         510         582
         510         527
         511         566
         511         583
         511         528
         512         567
         512         584
         512         529
         513         568
         513         585
         513         530
         514         569
         514         586
         514         531
         515         570
         515         587
         515         532
         516         571
         516         588
         516         533
         517         572
         517         589
         517         534
         518         573
         518         590
         518         535
         519         574
         519         591
         519         536
         520         575
         520         592
         520         537
         521         576
         521         593
         521         538
         522         577
         522         594
         522         539
         523         578
         523         595
         523         540
         524         579
         524         596
         524         541
         525         580
         525         597
         525         542
         526         581
         526         598
         526         543
         527         582
         527         599
         527         544
         528         583
         528         600
         528         545
         529         584
         529         601
         529         546
         530         585
         530         602
         530         547
         531         586
         531         603
         531         548
         532         587
         532         604
         532         549
         533         588
         533         605
         533         550
         534         589
         534         606
         534         551
         535         590
         535         607
         535         552
         536         591
         536         608
         536         553
         537         592
         537         609
         537         554
         538         593
         538         610
         538         555
         539         594
         539         611
         539         556
         540         595
         540         612
         540         557
         541         596
         541         613
         541         558
         542         597
         542         614
         542         559
         543         598
         543         615
         543         560
         544         599
         544         616
         544         561
         545         600
         545         617
         545         562
         546         601
         546         618
         546         563
         547         602
         547         619
         547         564
         548         603
         548         620
         548         565
         549         604
         549         621
         549         566
         550         605
         550         622
         550         567
         551         606
         551         623
         551         568
         552         607
         552         624
         552         569
         553         608
         553         625
         553         570
         554         609
         554         626
         554         571
         555         610
         555         627
         555         572
         556         611
         556         628
         556         573
         557         612
         557         629
         557         574
         558         613
         558         630
         558         575
         559         614
         559         631
         559         576
         560         615
         560         632
         560         577
         561         616
         561         633
         561         578
         562         617
         562         634
         562         579
         563         618
         563         635
         563         580
         564         619
         564         636
         564         581
         565         620
         565         637
         565         582
         566         621
         566         638
         566         583
         567         622
         567         639
         567         584
         568         623
         568         640
         568         585
         569         624
         569         641
         569         586
         570         625
         570         642
         570         587
         571         626
         571         643
         571         588
         572         627
         572         644
         572         589
         573         628
         573         645
         573         590
         574         629
         574         646
         574         591
         575         630
         575         647
         575         592
         576         631
         576         648
         576         593
         577         632
         577         649
         577         594
         578         633
         578         650
         578         595
         579         634
         579         651
         579         596
         580         635
         580         652
         580         597
         581         636
         581         653
         581         598
         582         637
         582         654
         582         599
         583         638
         583         655
         583         600
         584         639
         584         656
         584         601
         585         640
         585         657
         585         602
         586         641
         586         658
         586         603
         587         642
         587         659
         587         604
         588         643
         588         660
         588         605
         589         644
         589         661
         589         606
         590         645
         590         662
         590         607
         591         646
         591         663
         591         608
         592         647
         592         664
         592         609
         593         648
         593         665
         593         610
         594         649
         594         666
         594         611
         595         650
         595         667
         595         612
         596         651
         596         668
         596         613
         597         652
         597         669
         597         614
         598         653
         598         670
         598         615
         599         654
         599         671
         599         616
         600         655
         600         672
         600         617
         601         656
         601         673
         601         618
         602         657
         602         674
         602         619
         603         658
         603         675
         603         620
         604         659
         604         676
         604         621
         605         660
         605         677
         605         622
         606         661
         606         678
         606         623
         607         662
         607         679
         607         624
         608         663
         608         680
         608         625
         609         664
         609         681
         609         626
         610         665
         610         682
         610         627
         611         666
         611         683
         611         628
         612         667
         612         684
         612         629
         613         668
         613         685
         613         630
         614         669
         614         686
         614         631
         615         670
         615         687
         615         632
         616         671
         616         688
         616         633
         617         672
         617         689
         617         634
         618         673
         618         690
         618         635
         619         674
         619         691
         619         636
         620         675
         620         692
         620         637
         621         676
         621         693
         621         638
         622         677
         622         694
         622         639
         623         678
         623         695
         623         640
         624         679
         624         696
         624         641
         625         680
         625         697
         625         642
         626         681
         626         698
         626         643
         627         682
         627         699
         627         644
         628         683
         628         700
         628         645
         629         684
         629         701
         629         646
         630         685
         630         702
         630         647
         631         686
         631         703
         631         648
         632         687
         632         704
         632         649
         633         688
         633         705
         633         650
         634         689
         634         706
         634         651
         635         690
         635         707
         635         652
         636         691
         636         708
         636         653
         637         692
         637         709
         637         654
         638         693
         638         710
         638         655
         639         694
         639         711
         639         656
         640         695
         640         712
         640         657
         641         696
         641         713
         641         658
         642         697
         642         714
         642         659
         643         698
         643         715
         643         660
         644         699
         644         716
         644         661
         645         700
         645         717
         645         662
         646         701
         646         718
         646         663
         647         702
         647         719
         647         664
         648         703
         648         720
         648         665
         649         704
         649         721
         649         666
         650         705
         650         722
         650         667
         651         706
         651         723
         651         668
         652         707
         652         724
         652         669
         653         708
         653         725
         653         670
         654         709
         654         726
         654         671
         655         710
         655         727
         655         672
         656         711
         656         728
         656         673
         657         712
         657         729
         657         674
         658         713
         658         730
         658         675
         659         714
         659         731
         659         676
         660         715
         660         732
         660         677
         661         716
         661         733
         661         678
         662         717
         662         734
         662         679
         663         718
         663         735
         663         680
         664         719
         664         736
         664         681
         665         720
         665         737
         665         682
         666         721
         666         738
         666         683
         667         722
         667         739
         667         684
         668         723
         668         740
         668         685
         669         724
         669         741
         669         686
         670         725
         670         742
         670         687
         671         726
         671         743
         671         688
         672         727
         672         744
         672         689
         673         728
         673         745
         673         690
         674         729
         674         746
         674         691
         675         730
         675         747
         675         692
         676         731
         676         748
         676         693
         677         732
         677         749
         677         694
         678         733
         678         750
         678         695
         679         734
         679         751
         679         696
         680         735
         680         752
         680         697
         681         736
         681         753
         681         698
         682         737
         682         754
         682         699
         683         738
         683         755
         683         700
         684         739
         684         756
         684         701
         685         740
         685         757
         685         702
         686         741
         686         758
         686         703
         687         742
         687         759
         687         704
         688         743
         688         760
         688         705
         689         744
         689         761
         689         706
         690         745
         690         762
         690         707
         691         746
         691         763
         691         708
         692         747
         692         764
         692         709
         693         748
         693         765
         693         710
         694         749
         694         766
         694         711
         695         750
         695         767
         695         712
         696         751
         696         768
         696         713
         697         752
         697         769
         697         714
         698         753
         698         770
         698         715
         699         754
         699         771
         699         716
         700         755
         700         772
         700         717
         701         756
         701         773
         701         718
         702         757
         702         774
         702         719
         703         758
         703         775
         703         720
         704         759
         704         776
         704         721
         705         760
         705         777
         705         722
         706         761
         706         778
         706         723
         707         762
         707         779
         707         724
         708         763
         708         780
         708         725
         709         764
         709         781
         709         726
         710         765
         710         782
         710         727
         711         766
         711         783
         711         728
         712         767
         712         784
         712         729
         713         768
         713         785
         713         730
         714         769
         714         786
         714         731
         715         770
         715         787
         715         732
         716         771
         716         788
         716         733
         717         772
         717         789
         717         734
         718         773
         718         790
         718         735
         719         774
         719         791
         719         736
         720         775
         720         792
         720         737
         721         776
         721         793
         721         738
         722         777
         722         794
         722         739
         723         778
         723         795
         723         740
         724         779
         724         796
         724         741
         725         780
         725         797
         725         742
         726         781
         726         798
         726         743
         727         782
         727         799
         727         744
         728         783
         728         800
         728         745
         729         784
         729         801
         729         746
         730         785
         730         802
         730         747
         731         786
         731         803
         731         748
         732         787
         732         804
         732         749
         733         788
         733         805
         733         750
         734         789
         734         806
         734         751
         735         790
         735         807
         735         752
         736         791
         736         808
         736         753
         737         792
         737         809
         737         754
         738         793
         738         810
         738         755
         739         794
         739         811
         739         756
         740         795
         740         812
         740         757
         741         796
         741         813
         741         758
         742         797
         742         814
         742         759
         743         798
         743         815
         743         760
         744         799
         744         816
         744         761
         745         800
         745         817
         745         762
         746         801
         746         818
         746         763
         747         802
         747         819
         747         764
         748         803
         748         820
         748         765
         749         804
         749         821
         749         766
         750         805
         750         822
         750         767
         751         806
         751         823
         751         768
         752         807
         752         769
         753         808
         753         770
         754         809
         754         771
         755         810
         755         772
         756         811
         756         773
         757         812
         757         774
         758         813
         758         775
         759         814
         759         776
         760         815
         760         777
         761         816
         761         778
         762         817
         762         779
         763         818
         763         780
         764         819
         764         781
         765         820
         765         782
         766         821
         766         783
         767         822
         767         784
         768         823
         768         785
         769         807
         769         824
         769         786
         770         808
         770         825
         770         787
         771         809
         771         826
         771         788
         772         810
         772         827
         772         789
         773         811
         773         828
         773         790
         774         812
         774         829
         774         791
         775         813
         775         830
         775         792
         776         814
         776         831
         776         793
         777         815
         777         832
         777         794
         778         816
         778         833
         778         795
         779         817
         779         834
         779         796
         780         818
         780         835
         780         797
         781         819
         781         836
         781         798
         782         820
         782         837
         782         799
         783         821
         783         838
         783         800
         784         822
         784         839
         784         801
         785         823
         785         840
         785         802
         786         824
         786         841
         786         803
         787         825
         787         842
         787         804
         788         826
         788         843
         788         805
         789         827
         789         844
         789         806
         790         828
         790         845
         790         807
         791         829
         791         846
         791         808
         792         830
         792         847
         792         809
         793         831
         793         848
         793         810
         794         832
         794         849
         794         811
         795         833
         795         850
         795         812
         796         834
         796         851
         796         813
         797         835
         797         852
         797         814
         798         836
         798         853
         798         815
         799         837
         799         854
         799         816
         800         838
         800         855
         800         817
         801         839
         801         856
         801         818
         802         840
         802         857
         802         819
         803         841
         803         858
         803         820
         804         842
         804         859
         804         821
         805         843
         805         860
         805         822
         806         844
         806         861
         806         823
         807         845
         807         862
         807         824
         808         846
         808         863
         808         825
         809         847
         809         864
         809         826
         810         848
         810         865
         810         827
         811         849
         811         866
         811         828
         812         850
         812         867
         812         829
         813         851
         813         868
         813         830
         814         852
         814         869
         814         831
         815         853
         815         870
         815         832
         816         854
         816         871
         816         833
         817         855
         817         872
         817         834
         818         856
         818         873
         818         835
         819         857
         819         874
         819         836
         820         858
         820         875
         820         837
         821         859
         821         876
         821         838
         822         860
         822         877
         822         839
         823         861
         823         878
         823         840
         824         862
         824         879
         824         841
         825         863
         825         880
         825         842
         826         864
         826         881
         826         843
         827         865
         827         882
         827         844
         828         866
         828         883
         828         845
         829         867
         829         884
         829         846
         830         868
         830         885
         830         847
         831         869
         831         886
         831         848
         832         870
         832         887
         832         849
         833         871
         833         888
         833         850
         834         872
         834         889
         834         851
         835         873
         835         890
         835         852
         836         874
         836         891
         836         853
         837         875
         837         892
         837         854
         838         876
         838         893
         838         855
         839         877
         839         894
         839         856
         840         878
         840         895
         840         857
         841         879
         841         896
         841         858
         842         880
         842         897
         842         859
         843         881
         843         898
         843         860
         844         882
         844         899
         844         861
         845         883
         845         900
         845         862
         846         884
         846         901
         846         863
         847         885
         847         902
         847         864
         848         886
         848         903
         848         865
         849         887
         849         904
         849         866
         850         888
         850         905
         850         867
         851         889
         851         906
         851         868
         852         890
         852         907
         852         869
         853         891
         853         908
         853         870
         854         892
         854         909
         854         871
         855         893
         855         910
         855         872
         856         894
         856         873
         857         895
         857         874
         858         896
         858         875
         859         897
         859         876
         860         898
         860         877
         861         899
         861         878
         862         900
         862         879
         863         901
         863         880
         864         902
         864         881
         865         903
         865         882
         866         904
         866         883
         867         905
         867         884
         868         906
         868         885
         869         907
         869         886
         870         908
         870         887
         871         909
         871         888
         872         910
         872         889
         873         894
         873         911
         873         890
         874         895
         874         912
         874         891
         875         896
         875         913
         875         892
         876         897
         876         914
         876         893
         877         898
         877         915
         877         894
         878         899
         878         916
         878         895
         879         900
         879         917
         879         896
         880         901
         880         918
         880         897
         881         902
         881         919
         881         898
         882         903
         882         920
         882         899
         883         904
         883         921
         883         900
         884         905
         884         922
         884         901
         885         906
         885         923
         885         902
         886         907
         886         924
         886         903
         887         908
         887         925
         887         904
         888         909
         888         926
         888         905
         889         910
         889         927
         889         906
         890         911
         890         928
         890         907
         891         912
         891         929
         891         908
         892         913
         892         930
         892         909
         893         914
         893         931
         893         910
         894         915
         894         932
         894         911
         895         916
         895         933
         895         912
         896         917
         896         934
         896         913
         897         918
         897         935
         897         914
         898         919
         898         936
         898         915
         899         920
         899         937
         899         916
         900         921
         900         938
         900         917
         901         922
         901         939
         901         918
         902         923
         902         940
         902         919
         903         924
         903         941
         903         920
         904         925
         904         942
         904         921
         905         926
         905         943
         905         922
         906         927
         906         944
         906         923
         907         928
         907         945
         907         924
         908         929
         908         946
         908         925
         909         930
         909         947
         909         926
         910         931
         910         948
         910         927
         911         932
         911         949
         911         928
         912         933
         912         950
         912         929
         913         934
         913         930
         914         935
         914         931
         915         936
         915         932
         916         937
         916         933
         917         938
         917         934
         918         939
         918         935
         919         940
         919         936
         920         941
         920         937
         921         942
         921         938
         922         943
         922         939
         923         944
         923         940
         924         945
         924         941
         925         946
         925         942
         926         947
         926         943
         927         948
         927         944
         928         949
         928         945
         929         950
         929         946
         930         934
         930         951
         930         947
         931         935
         931         952
         931         948
         932         936
         932         953
         932         949
         933         937
         933         954
         933         950
         934         938
         934         955
         934         951
         935         939
         935         956
         935         952
         936         940
         936         957
         936         953
         937         941
         937         958
         937         954
         938         942
         938         959
         938         955
         939         943
         939         960
         939         956
         940         944
         940         961
         940         957
         941         945
         941         962
         941         958
         942         946
         942         963
         942         959
         943         947
         943         964
         943         960
         944         948
         944         965
         944         961
         945         949
         945         966
         945         962
         946         950
         946         967
         946         963
         947         951
         947         968
         947         964
         948         952
         948         969
         948         965
         949         953
         949         970
         949         966
         950         954
         950         971
         950         967
         951         955
         951         972
         951         968
         952         956
         952         973
         952         969
         953         957
         953         974
         953         970
         954         958
         954         975
         954         971
         955         959
         955         976
         955         972
         956         960
         956         977
         956         973
         957         961
         957         978
         957         974
         958         962
         958         979
         958         975
         959         963
         959         980
         959         976
         960         964
         960         981
         960         977
         961         965
         961         982
         961         978
         962         966
         962         983
         962         979
         963         967
         963         984
         963         980
         964         968
         964         981
         965         969
         965         982
         966         970
         966         983
         967         971
         967         984
         968         972
         968         985
         968         981
         969         973
         969         986
         969         982
         970         974
         970         987
         970         983
         971         975
         971         988
         971         984
         972         976
         972         989
         972         985
         973         977
         973         990
         973         986
         974         978
         974         991
         974         987
         975         979
         975         992
         975         988
         976         980
         976         993
         976         989
         977         981
         977         994
         977         990
         978         982
         978         995
         978         991
         979         983
         979         996
         979         992
         980         984
         980         997
         980         993
         981         985
         981         994
         982         986
         982         995
         983         987
         983         996
         984         988
         984         997
         985         989
         985         998
         985         994
         986         990
         986         999
         986         995
         987         991
         987         996
         988         992
         988         997
         989         993
         989         998
         990         994
         990         999
         991         995
         991        1000
         991         996
         992         996
         992         997
         993         997
         993         998
         994         998
         994         999
         995         999
         995        1000
         996        1000
         996         997
         997        1000
         997         998
         998        1000
         998         999
         999        1000
